B,3090,0,1,green,161,754,312,828,,
B,3090,1,2,green,596,735,675,814,,
B,3090,2,3,green,234,674,432,753,,
B,3090,3,4,green,243,445,490,616,,
B,3090,4,5,green,276.773,1091,412.84,1205,,
B,3090,5,6,white,291.217,442.175,507.674,599.747,,
B,3090,6,7,white,277,1093,412,1207,,
B,3090,7,8,white,257.286,441.007,474.763,640.201,,
B,3090,8,9,white,,,,,,
B,3090,9,10,white,,,,,,
B,3090,10,0,referee,,,,,,
B,3090,0,1,green,161,754,312,828,,
B,3090,1,2,green,596,735,675,814,,
B,3090,2,3,green,234,674,432,753,,
B,3090,3,4,green,243,445,490,616,,
B,3090,4,5,green,276.773,1091,412.84,1205,,
B,3090,5,6,white,291.217,442.175,507.674,599.747,,
B,3090,6,7,white,277,1093,412,1207,,
B,3090,7,8,white,257.286,441.007,474.763,640.201,,
B,3090,8,9,white,,,,,,
B,3090,9,10,white,,,,,,
B,3090,10,0,referee,,,,,,
B,3090,0,1,green,161,754,312,828,,
B,3090,1,2,green,596,735,675,814,,
B,3090,2,3,green,234,674,432,753,,
B,3090,3,4,green,243,445,490,616,,
B,3090,4,5,green,276.773,1091,412.84,1205,,
B,3090,5,6,white,291.217,442.175,507.674,599.747,,
B,3090,6,7,white,277,1093,412,1207,,
B,3090,7,8,white,257.286,441.007,474.763,640.201,,
B,3090,8,9,white,,,,,,
B,3090,9,10,white,,,,,,
B,3090,10,0,referee,,,,,,
B,3090,0,1,green,161,754,312,828,,
B,3090,1,2,green,596,735,675,814,,
B,3090,2,3,green,234,674,432,753,,
B,3090,3,4,green,243,445,490,616,,
B,3090,4,5,green,276.773,1091,412.84,1205,,
B,3090,5,6,white,291.217,442.175,507.674,599.747,,
B,3090,6,7,white,277,1093,412,1207,,
B,3090,7,8,white,257.286,441.007,474.763,640.201,,
B,3090,8,9,white,,,,,,
B,3090,9,10,white,,,,,,
B,3090,10,0,referee,,,,,,
M,3090,-2.57810268211,-4.00011090416,3131.19201084,0.0284950197302,0.122260729787,-153.819439713,-0.000998531717441,-0.00144170008016,1,2.33154178404,4.68057013146,-2654.15139184,-0.0675986738465,9.5145133439,-395.908533051,1.07158254698e-06,0.00279979264174,1,1280,660,3404,1711
P,3090,0,1,green,157,762,372,860,,
P,3090,1,2,green,595,731,675,815,2097,113
P,3090,2,3,green,231,659,432,764,779,1174
P,3090,3,4,green,283,439,481,598,99,1674
P,3090,4,5,green,276.708,1091,412.775,1205,1924,298
P,3090,5,6,white,294.699,426.48,511.156,584.052,484,1362
P,3090,6,7,white,275,1097,411,1207,1882,333
P,3090,7,8,white,256.14,422.106,473.617,621.3,199,1594
P,3090,8,9,white,,,,,,
P,3090,9,10,white,,,,,,
P,3090,10,0,referee,,,,,,
M,3090,-2.57810268211,-4.00011090416,3131.19201084,0.0284950197302,0.122260729787,-153.819439713,-0.000998531717441,-0.00144170008016,1,2.33154178404,4.68057013146,-2654.15139184,-0.0675986738465,9.5145133439,-395.908533051,1.07158254698e-06,0.00279979264174,1,1280,660,3404,1711
P,3090,0,1,green,157,762,372,860,,
P,3090,1,2,green,595,731,675,815,2097,113
P,3090,2,3,green,231,659,432,764,779,1174
P,3090,3,4,green,283,439,481,598,99,1674
P,3090,4,5,green,276.708,1091,412.775,1205,1924,298
P,3090,5,6,white,294.699,426.48,511.156,584.052,484,1362
P,3090,6,7,white,275,1097,411,1207,1882,333
P,3090,7,8,white,256.14,422.106,473.617,621.3,199,1594
P,3090,8,9,white,,,,,,
P,3090,9,10,white,,,,,,
P,3090,10,0,referee,,,,,,
M,3090,-2.57810268211,-4.00011090416,3131.19201084,0.0284950197302,0.122260729787,-153.819439713,-0.000998531717441,-0.00144170008016,1,2.33154178404,4.68057013146,-2654.15139184,-0.0675986738465,9.5145133439,-395.908533051,1.07158254698e-06,0.00279979264174,1,1280,660,3404,1711
P,3090,0,1,green,157,762,372,860,,
P,3090,1,2,green,595,731,675,815,2097,113
P,3090,2,3,green,231,659,432,764,779,1174
P,3090,3,4,green,283,439,481,598,99,1674
P,3090,4,5,green,276.708,1091,412.775,1205,1924,298
P,3090,5,6,white,294.699,426.48,511.156,584.052,484,1362
P,3090,6,7,white,275,1097,411,1207,1882,333
P,3090,7,8,white,256.14,422.106,473.617,621.3,199,1594
P,3090,8,9,white,,,,,,
P,3090,9,10,white,,,,,,
P,3090,10,0,referee,,,,,,
M,3090,-2.57810268211,-4.00011090416,3131.19201084,0.0284950197302,0.122260729787,-153.819439713,-0.000998531717441,-0.00144170008016,1,2.33154178404,4.68057013146,-2654.15139184,-0.0675986738465,9.5145133439,-395.908533051,1.07158254698e-06,0.00279979264174,1,1280,660,3404,1711
P,3090,0,1,green,157,762,372,860,,
P,3090,1,2,green,595,731,675,815,2097,113
P,3090,2,3,green,231,659,432,764,779,1174
P,3090,3,4,green,283,439,481,598,99,1674
P,3090,4,5,green,276.708,1091,412.775,1205,1924,298
P,3090,5,6,white,294.699,426.48,511.156,584.052,484,1362
P,3090,6,7,white,275,1097,411,1207,1882,333
P,3090,7,8,white,256.14,422.106,473.617,621.3,199,1594
P,3090,8,9,white,,,,,,
P,3090,9,10,white,,,,,,
P,3090,10,0,referee,,,,,,
B,3096,0,1,green,157,762,372,860,,
B,3096,1,2,green,595,731,675,815,,
B,3096,2,3,green,231,659,432,764,,
B,3096,3,4,green,283,439,481,598,,
B,3096,4,5,green,276.708,1091,412.775,1205,,
B,3096,5,6,white,294.699,426.48,511.156,584.052,,
B,3096,6,7,white,275,1097,411,1207,,
B,3096,7,8,white,256.14,422.106,473.617,621.3,,
B,3096,8,9,white,,,,,,
B,3096,9,10,white,,,,,,
B,3096,10,0,referee,,,,,,
B,3096,0,1,green,157,762,372,860,,
B,3096,1,2,green,595,731,675,815,,
B,3096,2,3,green,231,659,432,764,,
B,3096,3,4,green,283,439,481,598,,
B,3096,4,5,green,276.708,1091,412.775,1205,,
B,3096,5,6,white,294.699,426.48,511.156,584.052,,
B,3096,6,7,white,275,1097,411,1207,,
B,3096,7,8,white,256.14,422.106,473.617,621.3,,
B,3096,8,9,white,,,,,,
B,3096,9,10,white,,,,,,
B,3096,10,0,referee,,,,,,
B,3096,0,1,green,157,762,372,860,,
B,3096,1,2,green,595,731,675,815,,
B,3096,2,3,green,231,659,432,764,,
B,3096,3,4,green,283,439,481,598,,
B,3096,4,5,green,276.708,1091,412.775,1205,,
B,3096,5,6,white,294.699,426.48,511.156,584.052,,
B,3096,6,7,white,275,1097,411,1207,,
B,3096,7,8,white,256.14,422.106,473.617,621.3,,
B,3096,8,9,white,,,,,,
B,3096,9,10,white,,,,,,
B,3096,10,0,referee,,,,,,
B,3096,0,1,green,157,762,372,860,,
B,3096,1,2,green,595,731,675,815,,
B,3096,2,3,green,231,659,432,764,,
B,3096,3,4,green,283,439,481,598,,
B,3096,4,5,green,276.708,1091,412.775,1205,,
B,3096,5,6,white,294.699,426.48,511.156,584.052,,
B,3096,6,7,white,275,1097,411,1207,,
B,3096,7,8,white,256.14,422.106,473.617,621.3,,
B,3096,8,9,white,,,,,,
B,3096,9,10,white,,,,,,
B,3096,10,0,referee,,,,,,
M,3096,-2.57810268211,-4.00011090416,3131.19201084,0.0284950197302,0.122260729787,-153.819439713,-0.000998531717441,-0.00144170008016,1,2.33154178404,4.68057013146,-2654.15139184,-0.0675986738465,9.5145133439,-395.908533051,1.07158254698e-06,0.00279979264174,1,1280,660,3404,1711
P,3096,0,1,green,144.072,816.394,339.715,907.295,,
P,3096,1,2,green,593.072,747.567,678.114,831.075,,
P,3096,2,3,green,237.49,650.297,438.328,752.244,887,1084
P,3096,3,4,green,274.105,427.223,491.04,584.56,282,1524
P,3096,4,5,green,276.643,1091,412.71,1205,1924,298
P,3096,5,6,white,298.18,410.785,514.638,568.357,712,1208
P,3096,6,7,white,274.805,1097.57,410.049,1208.99,1926,297
P,3096,7,8,white,-12,273,667,1004,199,1594
P,3096,8,9,white,,,,,,
P,3096,9,10,white,,,,,,
P,3096,10,0,referee,,,,,,
M,3096,-2.57810268211,-4.00011090416,3131.19201084,0.0284950197302,0.122260729787,-153.819439713,-0.000998531717441,-0.00144170008016,1,2.33154178404,4.68057013146,-2654.15139184,-0.0675986738465,9.5145133439,-395.908533051,1.07158254698e-06,0.00279979264174,1,1280,660,3404,1711
P,3096,0,1,green,144.072,816.394,339.715,907.295,,
P,3096,1,2,green,593.072,747.567,678.114,831.075,,
P,3096,2,3,green,237.49,650.297,438.328,752.244,887,1084
P,3096,3,4,green,274.105,427.223,491.04,584.56,282,1524
P,3096,4,5,green,276.643,1091,412.71,1205,1924,298
P,3096,5,6,white,298.18,410.785,514.638,568.357,712,1208
P,3096,6,7,white,274.805,1097.57,410.049,1208.99,1926,297
P,3096,7,8,white,-12,273,667,1004,199,1594
P,3096,8,9,white,,,,,,
P,3096,9,10,white,,,,,,
P,3096,10,0,referee,,,,,,
M,3096,-2.57810268211,-4.00011090416,3131.19201084,0.0284950197302,0.122260729787,-153.819439713,-0.000998531717441,-0.00144170008016,1,2.33154178404,4.68057013146,-2654.15139184,-0.0675986738465,9.5145133439,-395.908533051,1.07158254698e-06,0.00279979264174,1,1280,660,3404,1711
P,3096,0,1,green,144.072,816.394,339.715,907.295,,
P,3096,1,2,green,593.072,747.567,678.114,831.075,,
P,3096,2,3,green,237.49,650.297,438.328,752.244,887,1084
P,3096,3,4,green,274.105,427.223,491.04,584.56,282,1524
P,3096,4,5,green,276.643,1091,412.71,1205,1924,298
P,3096,5,6,white,298.18,410.785,514.638,568.357,712,1208
P,3096,6,7,white,274.805,1097.57,410.049,1208.99,1926,297
P,3096,7,8,white,-12,273,667,1004,199,1594
P,3096,8,9,white,,,,,,
P,3096,9,10,white,,,,,,
P,3096,10,0,referee,,,,,,
M,3096,-2.57810268211,-4.00011090416,3131.19201084,0.0284950197302,0.122260729787,-153.819439713,-0.000998531717441,-0.00144170008016,1,2.33154178404,4.68057013146,-2654.15139184,-0.0675986738465,9.5145133439,-395.908533051,1.07158254698e-06,0.00279979264174,1,1280,660,3404,1711
P,3096,0,1,green,144.072,816.394,339.715,907.295,,
P,3096,1,2,green,593.072,747.567,678.114,831.075,,
P,3096,2,3,green,237.49,650.297,438.328,752.244,887,1084
P,3096,3,4,green,274.105,427.223,491.04,584.56,282,1524
P,3096,4,5,green,276.643,1091,412.71,1205,1924,298
P,3096,5,6,white,298.18,410.785,514.638,568.357,712,1208
P,3096,6,7,white,274.805,1097.57,410.049,1208.99,1926,297
P,3096,7,8,white,-12,273,667,1004,199,1594
P,3096,8,9,white,,,,,,
P,3096,9,10,white,,,,,,
P,3096,10,0,referee,,,,,,
B,3102,0,1,green,144.072,816.394,339.715,907.295,,
B,3102,1,2,green,593.072,747.567,678.114,831.075,,
B,3102,2,3,green,237.49,650.297,438.328,752.244,,
B,3102,3,4,green,274.105,427.223,491.04,584.56,,
B,3102,4,5,green,276.643,1091,412.71,1205,,
B,3102,5,6,white,298.18,410.785,514.638,568.357,,
B,3102,6,7,white,274.805,1097.57,410.049,1208.99,,
B,3102,7,8,white,-12,273,667,1004,,
B,3102,8,9,white,,,,,,
B,3102,9,10,white,,,,,,
B,3102,10,0,referee,,,,,,
B,3102,0,1,green,144.072,816.394,339.715,907.295,,
B,3102,1,2,green,593.072,747.567,678.114,831.075,,
B,3102,2,3,green,237.49,650.297,438.328,752.244,,
B,3102,3,4,green,274.105,427.223,491.04,584.56,,
B,3102,4,5,green,276.643,1091,412.71,1205,,
B,3102,5,6,white,298.18,410.785,514.638,568.357,,
B,3102,6,7,white,274.805,1097.57,410.049,1208.99,,
B,3102,7,8,white,-12,273,667,1004,,
B,3102,8,9,white,,,,,,
B,3102,9,10,white,,,,,,
B,3102,10,0,referee,,,,,,
B,3102,0,1,green,144.072,816.394,339.715,907.295,,
B,3102,1,2,green,593.072,747.567,678.114,831.075,,
B,3102,2,3,green,237.49,650.297,438.328,752.244,,
B,3102,3,4,green,274.105,427.223,491.04,584.56,,
B,3102,4,5,green,276.643,1091,412.71,1205,,
B,3102,5,6,white,298.18,410.785,514.638,568.357,,
B,3102,6,7,white,274.805,1097.57,410.049,1208.99,,
B,3102,7,8,white,-12,273,667,1004,,
B,3102,8,9,white,,,,,,
B,3102,9,10,white,,,,,,
B,3102,10,0,referee,,,,,,
B,3102,0,1,green,144.072,816.394,339.715,907.295,,
B,3102,1,2,green,593.072,747.567,678.114,831.075,,
B,3102,2,3,green,237.49,650.297,438.328,752.244,,
B,3102,3,4,green,274.105,427.223,491.04,584.56,,
B,3102,4,5,green,276.643,1091,412.71,1205,,
B,3102,5,6,white,298.18,410.785,514.638,568.357,,
B,3102,6,7,white,274.805,1097.57,410.049,1208.99,,
B,3102,7,8,white,-12,273,667,1004,,
B,3102,8,9,white,,,,,,
B,3102,9,10,white,,,,,,
B,3102,10,0,referee,,,,,,
M,3102,-2.57810268211,-4.00011090416,3131.19201084,0.0284950197302,0.122260729787,-153.819439713,-0.000998531717441,-0.00144170008016,1,2.33154178404,4.68057013146,-2654.15139184,-0.0675986738465,9.5145133439,-395.908533051,1.07158254698e-06,0.00279979264174,1,1280,660,3404,1711
P,3102,0,1,green,133.325,860.842,328.968,951.743,983,1044
P,3102,1,2,green,592.668,753.432,677.71,836.941,,
P,3102,2,3,green,-12,273,667,995,1822,316
P,3102,3,4,green,277.777,414.705,494.713,572.042,231,1561
P,3102,4,5,green,276.578,1091,412.645,1205,,
P,3102,5,6,white,301.662,395.09,518.119,552.662,,
P,3102,6,7,white,273.812,1099.3,409.056,1210.73,1926,297
P,3102,7,8,white,35.3411,344.39,603.311,947.451,1639,465
P,3102,8,9,white,,,,,,
P,3102,9,10,white,,,,,,
P,3102,10,0,referee,,,,,,
M,3102,-2.57810268211,-4.00011090416,3131.19201084,0.0284950197302,0.122260729787,-153.819439713,-0.000998531717441,-0.00144170008016,1,2.33154178404,4.68057013146,-2654.15139184,-0.0675986738465,9.5145133439,-395.908533051,1.07158254698e-06,0.00279979264174,1,1280,660,3404,1711
P,3102,0,1,green,133.325,860.842,328.968,951.743,983,1044
P,3102,1,2,green,592.668,753.432,677.71,836.941,,
P,3102,2,3,green,-12,273,667,995,1822,316
P,3102,3,4,green,277.777,414.705,494.713,572.042,231,1561
P,3102,4,5,green,276.578,1091,412.645,1205,,
P,3102,5,6,white,301.662,395.09,518.119,552.662,,
P,3102,6,7,white,273.812,1099.3,409.056,1210.73,1926,297
P,3102,7,8,white,35.3411,344.39,603.311,947.451,1639,465
P,3102,8,9,white,,,,,,
P,3102,9,10,white,,,,,,
P,3102,10,0,referee,,,,,,
M,3102,-2.57810268211,-4.00011090416,3131.19201084,0.0284950197302,0.122260729787,-153.819439713,-0.000998531717441,-0.00144170008016,1,2.33154178404,4.68057013146,-2654.15139184,-0.0675986738465,9.5145133439,-395.908533051,1.07158254698e-06,0.00279979264174,1,1280,660,3404,1711
P,3102,0,1,green,133.325,860.842,328.968,951.743,983,1044
P,3102,1,2,green,592.668,753.432,677.71,836.941,,
P,3102,2,3,green,-12,273,667,995,1822,316
P,3102,3,4,green,277.777,414.705,494.713,572.042,231,1561
P,3102,4,5,green,276.578,1091,412.645,1205,,
P,3102,5,6,white,301.662,395.09,518.119,552.662,,
P,3102,6,7,white,273.812,1099.3,409.056,1210.73,1926,297
P,3102,7,8,white,35.3411,344.39,603.311,947.451,1639,465
P,3102,8,9,white,,,,,,
P,3102,9,10,white,,,,,,
P,3102,10,0,referee,,,,,,
M,3102,-2.57810268211,-4.00011090416,3131.19201084,0.0284950197302,0.122260729787,-153.819439713,-0.000998531717441,-0.00144170008016,1,2.33154178404,4.68057013146,-2654.15139184,-0.0675986738465,9.5145133439,-395.908533051,1.07158254698e-06,0.00279979264174,1,1280,660,3404,1711
P,3102,0,1,green,133.325,860.842,328.968,951.743,983,1044
P,3102,1,2,green,592.668,753.432,677.71,836.941,,
P,3102,2,3,green,-12,273,667,995,1822,316
P,3102,3,4,green,277.777,414.705,494.713,572.042,231,1561
P,3102,4,5,green,276.578,1091,412.645,1205,,
P,3102,5,6,white,301.662,395.09,518.119,552.662,,
P,3102,6,7,white,273.812,1099.3,409.056,1210.73,1926,297
P,3102,7,8,white,35.3411,344.39,603.311,947.451,1639,465
P,3102,8,9,white,,,,,,
P,3102,9,10,white,,,,,,
P,3102,10,0,referee,,,,,,
B,3108,0,1,green,133.325,860.842,328.968,951.743,,
B,3108,1,2,green,592.668,753.432,677.71,836.941,,
B,3108,2,3,green,-12,273,667,995,,
B,3108,3,4,green,277.777,414.705,494.713,572.042,,
B,3108,4,5,green,276.578,1091,412.645,1205,,
B,3108,5,6,white,301.662,395.09,518.119,552.662,,
B,3108,6,7,white,273.812,1099.3,409.056,1210.73,,
B,3108,7,8,white,35.3411,344.39,603.311,947.451,,
B,3108,8,9,white,,,,,,
B,3108,9,10,white,,,,,,
B,3108,10,0,referee,,,,,,
B,3108,0,1,green,133.325,860.842,328.968,951.743,,
B,3108,1,2,green,592.668,753.432,677.71,836.941,,
B,3108,2,3,green,-12,273,667,995,,
B,3108,3,4,green,277.777,414.705,494.713,572.042,,
B,3108,4,5,green,276.578,1091,412.645,1205,,
B,3108,5,6,white,301.662,395.09,518.119,552.662,,
B,3108,6,7,white,273.812,1099.3,409.056,1210.73,,
B,3108,7,8,white,35.3411,344.39,603.311,947.451,,
B,3108,8,9,white,,,,,,
B,3108,9,10,white,,,,,,
B,3108,10,0,referee,,,,,,
B,3108,0,1,green,133.325,860.842,328.968,951.743,,
B,3108,1,2,green,592.668,753.432,677.71,836.941,,
B,3108,2,3,green,-12,273,667,995,,
B,3108,3,4,green,277.777,414.705,494.713,572.042,,
B,3108,4,5,green,276.578,1091,412.645,1205,,
B,3108,5,6,white,301.662,395.09,518.119,552.662,,
B,3108,6,7,white,273.812,1099.3,409.056,1210.73,,
B,3108,7,8,white,35.3411,344.39,603.311,947.451,,
B,3108,8,9,white,,,,,,
B,3108,9,10,white,,,,,,
B,3108,10,0,referee,,,,,,
B,3108,0,1,green,133.325,860.842,328.968,951.743,,
B,3108,1,2,green,592.668,753.432,677.71,836.941,,
B,3108,2,3,green,-12,273,667,995,,
B,3108,3,4,green,277.777,414.705,494.713,572.042,,
B,3108,4,5,green,276.578,1091,412.645,1205,,
B,3108,5,6,white,301.662,395.09,518.119,552.662,,
B,3108,6,7,white,273.812,1099.3,409.056,1210.73,,
B,3108,7,8,white,35.3411,344.39,603.311,947.451,,
B,3108,8,9,white,,,,,,
B,3108,9,10,white,,,,,,
B,3108,10,0,referee,,,,,,
M,3108,-2.57810268211,-4.00011090416,3131.19201084,0.0284950197302,0.122260729787,-153.819439713,-0.000998531717441,-0.00144170008016,1,2.33154178404,4.68057013146,-2654.15139184,-0.0675986738465,9.5145133439,-395.908533051,1.07158254698e-06,0.00279979264174,1,1280,660,3404,1711
P,3108,0,1,green,122.578,905.289,318.221,996.191,1080,971
P,3108,1,2,green,592.263,759.298,677.306,842.807,2083,124
P,3108,2,3,green,-12,272,667,1004,1831,310
P,3108,3,4,green,281.45,402.187,498.385,559.524,182,1596
P,3108,4,5,green,276.514,1091,412.58,1205,,
P,3108,5,6,white,305.144,379.395,521.601,536.966,,
P,3108,6,7,white,272.819,1101.04,408.063,1212.46,1924,298
P,3108,7,8,white,26.5138,354.258,594.483,957.319,1623,480
P,3108,8,9,white,,,,,,
P,3108,9,10,white,,,,,,
P,3108,10,0,referee,,,,,,
M,3108,-2.57810268211,-4.00011090416,3131.19201084,0.0284950197302,0.122260729787,-153.819439713,-0.000998531717441,-0.00144170008016,1,2.33154178404,4.68057013146,-2654.15139184,-0.0675986738465,9.5145133439,-395.908533051,1.07158254698e-06,0.00279979264174,1,1280,660,3404,1711
P,3108,0,1,green,122.578,905.289,318.221,996.191,1080,971
P,3108,1,2,green,592.263,759.298,677.306,842.807,2083,124
P,3108,2,3,green,-12,272,667,1004,1831,310
P,3108,3,4,green,281.45,402.187,498.385,559.524,182,1596
P,3108,4,5,green,276.514,1091,412.58,1205,,
P,3108,5,6,white,305.144,379.395,521.601,536.966,,
P,3108,6,7,white,272.819,1101.04,408.063,1212.46,1924,298
P,3108,7,8,white,26.5138,354.258,594.483,957.319,1623,480
P,3108,8,9,white,,,,,,
P,3108,9,10,white,,,,,,
P,3108,10,0,referee,,,,,,
M,3108,-2.57810268211,-4.00011090416,3131.19201084,0.0284950197302,0.122260729787,-153.819439713,-0.000998531717441,-0.00144170008016,1,2.33154178404,4.68057013146,-2654.15139184,-0.0675986738465,9.5145133439,-395.908533051,1.07158254698e-06,0.00279979264174,1,1280,660,3404,1711
P,3108,0,1,green,122.578,905.289,318.221,996.191,1080,971
P,3108,1,2,green,592.263,759.298,677.306,842.807,2083,124
P,3108,2,3,green,-12,272,667,1004,1831,310
P,3108,3,4,green,281.45,402.187,498.385,559.524,182,1596
P,3108,4,5,green,276.514,1091,412.58,1205,,
P,3108,5,6,white,305.144,379.395,521.601,536.966,,
P,3108,6,7,white,272.819,1101.04,408.063,1212.46,1924,298
P,3108,7,8,white,26.5138,354.258,594.483,957.319,1623,480
P,3108,8,9,white,,,,,,
P,3108,9,10,white,,,,,,
P,3108,10,0,referee,,,,,,
M,3108,-2.57810268211,-4.00011090416,3131.19201084,0.0284950197302,0.122260729787,-153.819439713,-0.000998531717441,-0.00144170008016,1,2.33154178404,4.68057013146,-2654.15139184,-0.0675986738465,9.5145133439,-395.908533051,1.07158254698e-06,0.00279979264174,1,1280,660,3404,1711
P,3108,0,1,green,122.578,905.289,318.221,996.191,1080,971
P,3108,1,2,green,592.263,759.298,677.306,842.807,2083,124
P,3108,2,3,green,-12,272,667,1004,1831,310
P,3108,3,4,green,281.45,402.187,498.385,559.524,182,1596
P,3108,4,5,green,276.514,1091,412.58,1205,,
P,3108,5,6,white,305.144,379.395,521.601,536.966,,
P,3108,6,7,white,272.819,1101.04,408.063,1212.46,1924,298
P,3108,7,8,white,26.5138,354.258,594.483,957.319,1623,480
P,3108,8,9,white,,,,,,
P,3108,9,10,white,,,,,,
P,3108,10,0,referee,,,,,,
