B,1619,0,1,green,440,1221,711,1329,,
B,1619,1,2,green,419,776,660,939,,
B,1619,2,3,green,465,901,714,1027,,
B,1619,3,4,green,404,672,672,801,,
B,1619,4,5,green,434,1080,704,1212,,
B,1619,5,6,white,595.893,1579.2,901.305,1760,,
B,1619,6,7,white,248.233,1352.24,469.233,1473.81,,
B,1619,7,8,white,256.473,1242.78,466.576,1342.19,,
B,1619,8,9,white,327,757,480,853,,
B,1619,9,10,white,,,,,,
B,1619,10,0,referee,,,,,,
B,1619,0,1,green,440,1221,711,1329,,
B,1619,1,2,green,419,776,660,939,,
B,1619,2,3,green,465,901,714,1027,,
B,1619,3,4,green,404,672,672,801,,
B,1619,4,5,green,434,1080,704,1212,,
B,1619,5,6,white,595.893,1579.2,901.305,1760,,
B,1619,6,7,white,248.233,1352.24,469.233,1473.81,,
B,1619,7,8,white,256.473,1242.78,466.576,1342.19,,
B,1619,8,9,white,327,757,480,853,,
B,1619,9,10,white,,,,,,
B,1619,10,0,referee,,,,,,
B,1619,0,1,green,440,1221,711,1329,,
B,1619,1,2,green,419,776,660,939,,
B,1619,2,3,green,465,901,714,1027,,
B,1619,3,4,green,404,672,672,801,,
B,1619,4,5,green,434,1080,704,1212,,
B,1619,5,6,white,595.893,1579.2,901.305,1760,,
B,1619,6,7,white,248.233,1352.24,469.233,1473.81,,
B,1619,7,8,white,256.473,1242.78,466.576,1342.19,,
B,1619,8,9,white,327,757,480,853,,
B,1619,9,10,white,,,,,,
B,1619,10,0,referee,,,,,,
B,1619,0,1,green,440,1221,711,1329,,
B,1619,1,2,green,419,776,660,939,,
B,1619,2,3,green,465,901,714,1027,,
B,1619,3,4,green,404,672,672,801,,
B,1619,4,5,green,434,1080,704,1212,,
B,1619,5,6,white,595.893,1579.2,901.305,1760,,
B,1619,6,7,white,248.233,1352.24,469.233,1473.81,,
B,1619,7,8,white,256.473,1242.78,466.576,1342.19,,
B,1619,8,9,white,327,757,480,853,,
B,1619,9,10,white,,,,,,
B,1619,10,0,referee,,,,,,
M,1619,-0.17125992663,-8.34308529184,3801.67064935,-0.00493761870757,-0.801151130871,361.498474698,-0.000197494712254,-0.00220963902248,1,2.33154178404,4.68057013146,-2654.15139184,-0.0675986738465,9.5145133439,-395.908533051,1.07158254698e-06,0.00279979264174,1,1920,1020,3404,1711
P,1619,0,1,green,428,1236,696,1347,,
P,1619,1,2,green,397,684,672,803,,
P,1619,2,3,green,475,885,706,1005,3143,1141
P,1619,3,4,green,432.042,620.179,696.582,760.468,3315,1204
P,1619,4,5,green,421,1095,701,1203,3009,1092
P,1619,5,6,white,583,1596,902,1734,3186,1145
P,1619,6,7,white,243.116,1345.73,464.116,1467.29,,
P,1619,7,8,white,248.203,1235.75,458.307,1335.17,,
P,1619,8,9,white,327,757,480,853,1144,497
P,1619,9,10,white,,,,,,
P,1619,10,0,referee,,,,,,
M,1619,-0.17125992663,-8.34308529184,3801.67064935,-0.00493761870757,-0.801151130871,361.498474698,-0.000197494712254,-0.00220963902248,1,2.33154178404,4.68057013146,-2654.15139184,-0.0675986738465,9.5145133439,-395.908533051,1.07158254698e-06,0.00279979264174,1,1920,1020,3404,1711
P,1619,0,1,green,428,1236,696,1347,,
P,1619,1,2,green,397,684,672,803,,
P,1619,2,3,green,475,885,706,1005,3143,1141
P,1619,3,4,green,432.042,620.179,696.582,760.468,3315,1204
P,1619,4,5,green,421,1095,701,1203,3009,1092
P,1619,5,6,white,583,1596,902,1734,3186,1145
P,1619,6,7,white,243.116,1345.73,464.116,1467.29,,
P,1619,7,8,white,248.203,1235.75,458.307,1335.17,,
P,1619,8,9,white,327,757,480,853,1144,497
P,1619,9,10,white,,,,,,
P,1619,10,0,referee,,,,,,
M,1619,-0.17125992663,-8.34308529184,3801.67064935,-0.00493761870757,-0.801151130871,361.498474698,-0.000197494712254,-0.00220963902248,1,2.33154178404,4.68057013146,-2654.15139184,-0.0675986738465,9.5145133439,-395.908533051,1.07158254698e-06,0.00279979264174,1,1920,1020,3404,1711
P,1619,0,1,green,428,1236,696,1347,,
P,1619,1,2,green,397,684,672,803,,
P,1619,2,3,green,475,885,706,1005,3143,1141
P,1619,3,4,green,432.042,620.179,696.582,760.468,3315,1204
P,1619,4,5,green,421,1095,701,1203,3009,1092
P,1619,5,6,white,583,1596,902,1734,3186,1145
P,1619,6,7,white,243.116,1345.73,464.116,1467.29,,
P,1619,7,8,white,248.203,1235.75,458.307,1335.17,,
P,1619,8,9,white,327,757,480,853,1144,497
P,1619,9,10,white,,,,,,
P,1619,10,0,referee,,,,,,
M,1619,-0.17125992663,-8.34308529184,3801.67064935,-0.00493761870757,-0.801151130871,361.498474698,-0.000197494712254,-0.00220963902248,1,2.33154178404,4.68057013146,-2654.15139184,-0.0675986738465,9.5145133439,-395.908533051,1.07158254698e-06,0.00279979264174,1,1920,1020,3404,1711
P,1619,0,1,green,428,1236,696,1347,,
P,1619,1,2,green,397,684,672,803,,
P,1619,2,3,green,475,885,706,1005,3143,1141
P,1619,3,4,green,432.042,620.179,696.582,760.468,3315,1204
P,1619,4,5,green,421,1095,701,1203,3009,1092
P,1619,5,6,white,583,1596,902,1734,3186,1145
P,1619,6,7,white,243.116,1345.73,464.116,1467.29,,
P,1619,7,8,white,248.203,1235.75,458.307,1335.17,,
P,1619,8,9,white,327,757,480,853,1144,497
P,1619,9,10,white,,,,,,
P,1619,10,0,referee,,,,,,
B,1622,0,1,green,428,1236,696,1347,,
B,1622,1,2,green,397,684,672,803,,
B,1622,2,3,green,475,885,706,1005,,
B,1622,3,4,green,432.042,620.179,696.582,760.468,,
B,1622,4,5,green,421,1095,701,1203,,
B,1622,5,6,white,583,1596,902,1734,,
B,1622,6,7,white,243.116,1345.73,464.116,1467.29,,
B,1622,7,8,white,248.203,1235.75,458.307,1335.17,,
B,1622,8,9,white,327,757,480,853,,
B,1622,9,10,white,,,,,,
B,1622,10,0,referee,,,,,,
B,1622,0,1,green,428,1236,696,1347,,
B,1622,1,2,green,397,684,672,803,,
B,1622,2,3,green,475,885,706,1005,,
B,1622,3,4,green,432.042,620.179,696.582,760.468,,
B,1622,4,5,green,421,1095,701,1203,,
B,1622,5,6,white,583,1596,902,1734,,
B,1622,6,7,white,243.116,1345.73,464.116,1467.29,,
B,1622,7,8,white,248.203,1235.75,458.307,1335.17,,
B,1622,8,9,white,327,757,480,853,,
B,1622,9,10,white,,,,,,
B,1622,10,0,referee,,,,,,
B,1622,0,1,green,428,1236,696,1347,,
B,1622,1,2,green,397,684,672,803,,
B,1622,2,3,green,475,885,706,1005,,
B,1622,3,4,green,432.042,620.179,696.582,760.468,,
B,1622,4,5,green,421,1095,701,1203,,
B,1622,5,6,white,583,1596,902,1734,,
B,1622,6,7,white,243.116,1345.73,464.116,1467.29,,
B,1622,7,8,white,248.203,1235.75,458.307,1335.17,,
B,1622,8,9,white,327,757,480,853,,
B,1622,9,10,white,,,,,,
B,1622,10,0,referee,,,,,,
B,1622,0,1,green,428,1236,696,1347,,
B,1622,1,2,green,397,684,672,803,,
B,1622,2,3,green,475,885,706,1005,,
B,1622,3,4,green,432.042,620.179,696.582,760.468,,
B,1622,4,5,green,421,1095,701,1203,,
B,1622,5,6,white,583,1596,902,1734,,
B,1622,6,7,white,243.116,1345.73,464.116,1467.29,,
B,1622,7,8,white,248.203,1235.75,458.307,1335.17,,
B,1622,8,9,white,327,757,480,853,,
B,1622,9,10,white,,,,,,
B,1622,10,0,referee,,,,,,
M,1622,-0.17125992663,-8.34308529184,3801.67064935,-0.00493761870757,-0.801151130871,361.498474698,-0.000197494712254,-0.00220963902248,1,2.33154178404,4.68057013146,-2654.15139184,-0.0675986738465,9.5145133439,-395.908533051,1.07158254698e-06,0.00279979264174,1,1920,1020,3404,1711
P,1622,0,1,green,416,1237,681,1335,,
P,1622,1,2,green,376.469,540.44,637.086,670.558,,
P,1622,2,3,green,447,840,736,995,3230,1170
P,1622,3,4,green,449.591,596.932,714.131,737.221,3364,1220
P,1622,4,5,green,418,1101,676,1215,2920,1062
P,1622,5,6,white,585.518,1572.99,899.323,1727.36,3207,1152
P,1622,6,7,white,238,1339.22,459,1460.78,,
P,1622,7,8,white,239.934,1228.73,450.037,1328.14,938,387
P,1622,8,9,white,327,757,480,853,1144,497
P,1622,9,10,white,,,,,,
P,1622,10,0,referee,,,,,,
M,1622,-0.17125992663,-8.34308529184,3801.67064935,-0.00493761870757,-0.801151130871,361.498474698,-0.000197494712254,-0.00220963902248,1,2.33154178404,4.68057013146,-2654.15139184,-0.0675986738465,9.5145133439,-395.908533051,1.07158254698e-06,0.00279979264174,1,1920,1020,3404,1711
P,1622,0,1,green,416,1237,681,1335,,
P,1622,1,2,green,376.469,540.44,637.086,670.558,,
P,1622,2,3,green,447,840,736,995,3230,1170
P,1622,3,4,green,449.591,596.932,714.131,737.221,3364,1220
P,1622,4,5,green,418,1101,676,1215,2920,1062
P,1622,5,6,white,585.518,1572.99,899.323,1727.36,3207,1152
P,1622,6,7,white,238,1339.22,459,1460.78,,
P,1622,7,8,white,239.934,1228.73,450.037,1328.14,938,387
P,1622,8,9,white,327,757,480,853,1144,497
P,1622,9,10,white,,,,,,
P,1622,10,0,referee,,,,,,
M,1622,-0.17125992663,-8.34308529184,3801.67064935,-0.00493761870757,-0.801151130871,361.498474698,-0.000197494712254,-0.00220963902248,1,2.33154178404,4.68057013146,-2654.15139184,-0.0675986738465,9.5145133439,-395.908533051,1.07158254698e-06,0.00279979264174,1,1920,1020,3404,1711
P,1622,0,1,green,416,1237,681,1335,,
P,1622,1,2,green,376.469,540.44,637.086,670.558,,
P,1622,2,3,green,447,840,736,995,3230,1170
P,1622,3,4,green,449.591,596.932,714.131,737.221,3364,1220
P,1622,4,5,green,418,1101,676,1215,2920,1062
P,1622,5,6,white,585.518,1572.99,899.323,1727.36,3207,1152
P,1622,6,7,white,238,1339.22,459,1460.78,,
P,1622,7,8,white,239.934,1228.73,450.037,1328.14,938,387
P,1622,8,9,white,327,757,480,853,1144,497
P,1622,9,10,white,,,,,,
P,1622,10,0,referee,,,,,,
M,1622,-0.17125992663,-8.34308529184,3801.67064935,-0.00493761870757,-0.801151130871,361.498474698,-0.000197494712254,-0.00220963902248,1,2.33154178404,4.68057013146,-2654.15139184,-0.0675986738465,9.5145133439,-395.908533051,1.07158254698e-06,0.00279979264174,1,1920,1020,3404,1711
P,1622,0,1,green,416,1237,681,1335,,
P,1622,1,2,green,376.469,540.44,637.086,670.558,,
P,1622,2,3,green,447,840,736,995,3230,1170
P,1622,3,4,green,449.591,596.932,714.131,737.221,3364,1220
P,1622,4,5,green,418,1101,676,1215,2920,1062
P,1622,5,6,white,585.518,1572.99,899.323,1727.36,3207,1152
P,1622,6,7,white,238,1339.22,459,1460.78,,
P,1622,7,8,white,239.934,1228.73,450.037,1328.14,938,387
P,1622,8,9,white,327,757,480,853,1144,497
P,1622,9,10,white,,,,,,
P,1622,10,0,referee,,,,,,
B,1784,0,1,green,661,1540,1000,1705,,
B,1784,1,2,green,589,1187,876,1316,,
B,1784,2,3,green,219.89,1224.77,453.112,1329.92,,
B,1784,3,4,green,450,681,734,786,,
B,1784,4,5,green,448,862,739,1014,,
B,1784,5,6,white,165.585,3261.84,393.539,3358.68,,
B,1784,6,7,white,495,86,735,172,,
B,1784,7,8,white,365.289,1609.83,589.246,1728.26,,
B,1784,8,9,white,249,1338,468,1434,,
B,1784,9,10,white,341,1645,593,1747,,
B,1784,10,0,referee,,,,,,
B,1784,0,1,green,661,1540,1000,1705,,
B,1784,1,2,green,589,1187,876,1316,,
B,1784,2,3,green,219.89,1224.77,453.112,1329.92,,
B,1784,3,4,green,450,681,734,786,,
B,1784,4,5,green,448,862,739,1014,,
B,1784,5,6,white,165.585,3261.84,393.539,3358.68,,
B,1784,6,7,white,495,86,735,172,,
B,1784,7,8,white,365.289,1609.83,589.246,1728.26,,
B,1784,8,9,white,249,1338,468,1434,,
B,1784,9,10,white,341,1645,593,1747,,
B,1784,10,0,referee,,,,,,
B,1784,0,1,green,661,1540,1000,1705,,
B,1784,1,2,green,589,1187,876,1316,,
B,1784,2,3,green,219.89,1224.77,453.112,1329.92,,
B,1784,3,4,green,450,681,734,786,,
B,1784,4,5,green,448,862,739,1014,,
B,1784,5,6,white,165.585,3261.84,393.539,3358.68,,
B,1784,6,7,white,495,86,735,172,,
B,1784,7,8,white,365.289,1609.83,589.246,1728.26,,
B,1784,8,9,white,249,1338,468,1434,,
B,1784,9,10,white,341,1645,593,1747,,
B,1784,10,0,referee,,,,,,
B,1784,0,1,green,661,1540,1000,1705,,
B,1784,1,2,green,589,1187,876,1316,,
B,1784,2,3,green,219.89,1224.77,453.112,1329.92,,
B,1784,3,4,green,450,681,734,786,,
B,1784,4,5,green,448,862,739,1014,,
B,1784,5,6,white,165.585,3261.84,393.539,3358.68,,
B,1784,6,7,white,495,86,735,172,,
B,1784,7,8,white,365.289,1609.83,589.246,1728.26,,
B,1784,8,9,white,249,1338,468,1434,,
B,1784,9,10,white,341,1645,593,1747,,
B,1784,10,0,referee,,,,,,
M,1784,-0.17125992663,-8.34308529184,3801.67064935,-0.00493761870757,-0.801151130871,361.498474698,-0.000197494712254,-0.00220963902248,1,0.183681066349,5.13184431973,-2554.79239767,6.55416029639,-57.2613113064,-4216.97758072,0.0289385474606,-0.250353227847,-18.5125165136,1920,1020,3404,1711
P,1784,0,1,green,663,1530,1009,1704,772,530
P,1784,1,2,green,582,1227,874,1350,605,451
P,1784,2,3,green,229,1221,445,1320,606,225
P,1784,3,4,green,451,665,738,775,,
P,1784,4,5,green,442,931,738,1024,452,375
P,1784,5,6,white,144.708,3518.55,372.663,3615.38,,
P,1784,6,7,white,245,1357,470,1449,675,239
P,1784,7,8,white,371.568,1626.57,595.525,1745.01,,
P,1784,8,9,white,247.857,1356.41,466.642,1450.52,,
P,1784,9,10,white,341,1645,593,1747,828,318
P,1784,10,0,referee,,,,,,
M,1784,-0.17125992663,-8.34308529184,3801.67064935,-0.00493761870757,-0.801151130871,361.498474698,-0.000197494712254,-0.00220963902248,1,0.183681066349,5.13184431973,-2554.79239767,6.55416029639,-57.2613113064,-4216.97758072,0.0289385474606,-0.250353227847,-18.5125165136,1920,1020,3404,1711
P,1784,0,1,green,663,1530,1009,1704,772,530
P,1784,1,2,green,582,1227,874,1350,605,451
P,1784,2,3,green,229,1221,445,1320,606,225
P,1784,3,4,green,451,665,738,775,,
P,1784,4,5,green,442,931,738,1024,452,375
P,1784,5,6,white,144.708,3518.55,372.663,3615.38,,
P,1784,6,7,white,245,1357,470,1449,675,239
P,1784,7,8,white,371.568,1626.57,595.525,1745.01,,
P,1784,8,9,white,247.857,1356.41,466.642,1450.52,,
P,1784,9,10,white,341,1645,593,1747,828,318
P,1784,10,0,referee,,,,,,
M,1784,-0.17125992663,-8.34308529184,3801.67064935,-0.00493761870757,-0.801151130871,361.498474698,-0.000197494712254,-0.00220963902248,1,0.183681066349,5.13184431973,-2554.79239767,6.55416029639,-57.2613113064,-4216.97758072,0.0289385474606,-0.250353227847,-18.5125165136,1920,1020,3404,1711
P,1784,0,1,green,663,1530,1009,1704,772,530
P,1784,1,2,green,582,1227,874,1350,605,451
P,1784,2,3,green,229,1221,445,1320,606,225
P,1784,3,4,green,451,665,738,775,,
P,1784,4,5,green,442,931,738,1024,452,375
P,1784,5,6,white,144.708,3518.55,372.663,3615.38,,
P,1784,6,7,white,245,1357,470,1449,675,239
P,1784,7,8,white,371.568,1626.57,595.525,1745.01,,
P,1784,8,9,white,247.857,1356.41,466.642,1450.52,,
P,1784,9,10,white,341,1645,593,1747,828,318
P,1784,10,0,referee,,,,,,
M,1784,-0.17125992663,-8.34308529184,3801.67064935,-0.00493761870757,-0.801151130871,361.498474698,-0.000197494712254,-0.00220963902248,1,0.183681066349,5.13184431973,-2554.79239767,6.55416029639,-57.2613113064,-4216.97758072,0.0289385474606,-0.250353227847,-18.5125165136,1920,1020,3404,1711
P,1784,0,1,green,663,1530,1009,1704,772,530
P,1784,1,2,green,582,1227,874,1350,605,451
P,1784,2,3,green,229,1221,445,1320,606,225
P,1784,3,4,green,451,665,738,775,,
P,1784,4,5,green,442,931,738,1024,452,375
P,1784,5,6,white,144.708,3518.55,372.663,3615.38,,
P,1784,6,7,white,245,1357,470,1449,675,239
P,1784,7,8,white,371.568,1626.57,595.525,1745.01,,
P,1784,8,9,white,247.857,1356.41,466.642,1450.52,,
P,1784,9,10,white,341,1645,593,1747,828,318
P,1784,10,0,referee,,,,,,
B,1787,0,1,green,663,1530,1009,1704,,
B,1787,1,2,green,582,1227,874,1350,,
B,1787,2,3,green,229,1221,445,1320,,
B,1787,3,4,green,451,665,738,775,,
B,1787,4,5,green,442,931,738,1024,,
B,1787,5,6,white,144.708,3518.55,372.663,3615.38,,
B,1787,6,7,white,245,1357,470,1449,,
B,1787,7,8,white,371.568,1626.57,595.525,1745.01,,
B,1787,8,9,white,247.857,1356.41,466.642,1450.52,,
B,1787,9,10,white,341,1645,593,1747,,
B,1787,10,0,referee,,,,,,
B,1787,0,1,green,663,1530,1009,1704,,
B,1787,1,2,green,582,1227,874,1350,,
B,1787,2,3,green,229,1221,445,1320,,
B,1787,3,4,green,451,665,738,775,,
B,1787,4,5,green,442,931,738,1024,,
B,1787,5,6,white,144.708,3518.55,372.663,3615.38,,
B,1787,6,7,white,245,1357,470,1449,,
B,1787,7,8,white,371.568,1626.57,595.525,1745.01,,
B,1787,8,9,white,247.857,1356.41,466.642,1450.52,,
B,1787,9,10,white,341,1645,593,1747,,
B,1787,10,0,referee,,,,,,
B,1787,0,1,green,663,1530,1009,1704,,
B,1787,1,2,green,582,1227,874,1350,,
B,1787,2,3,green,229,1221,445,1320,,
B,1787,3,4,green,451,665,738,775,,
B,1787,4,5,green,442,931,738,1024,,
B,1787,5,6,white,144.708,3518.55,372.663,3615.38,,
B,1787,6,7,white,245,1357,470,1449,,
B,1787,7,8,white,371.568,1626.57,595.525,1745.01,,
B,1787,8,9,white,247.857,1356.41,466.642,1450.52,,
B,1787,9,10,white,341,1645,593,1747,,
B,1787,10,0,referee,,,,,,
B,1787,0,1,green,663,1530,1009,1704,,
B,1787,1,2,green,582,1227,874,1350,,
B,1787,2,3,green,229,1221,445,1320,,
B,1787,3,4,green,451,665,738,775,,
B,1787,4,5,green,442,931,738,1024,,
B,1787,5,6,white,144.708,3518.55,372.663,3615.38,,
B,1787,6,7,white,245,1357,470,1449,,
B,1787,7,8,white,371.568,1626.57,595.525,1745.01,,
B,1787,8,9,white,247.857,1356.41,466.642,1450.52,,
B,1787,9,10,white,341,1645,593,1747,,
B,1787,10,0,referee,,,,,,
M,1787,-0.17125992663,-8.34308529184,3801.67064935,-0.00493761870757,-0.801151130871,361.498474698,-0.000197494712254,-0.00220963902248,1,0.183681066349,5.13184431973,-2554.79239767,6.55416029639,-57.2613113064,-4216.97758072,0.0289385474606,-0.250353227847,-18.5125165136,1920,1020,3404,1711
P,1787,0,1,green,669,1543,1028,1696,773,540
P,1787,1,2,green,586,1285,885,1399,632,458
P,1787,2,3,green,337,613,586,739,,
P,1787,3,4,green,438,656,742,771,324,372
P,1787,4,5,green,442,953,760,1085,472,387
P,1787,5,6,white,123.832,3775.26,351.786,3872.09,,
P,1787,6,7,white,504,54,756,149,43,369
P,1787,7,8,white,377.847,1643.32,601.804,1761.75,,
P,1787,8,9,white,248.197,1374.64,466.982,1468.74,684,245
P,1787,9,10,white,341,1645,593,1747,828,318
P,1787,10,0,referee,,,,,,
M,1787,-0.17125992663,-8.34308529184,3801.67064935,-0.00493761870757,-0.801151130871,361.498474698,-0.000197494712254,-0.00220963902248,1,0.183681066349,5.13184431973,-2554.79239767,6.55416029639,-57.2613113064,-4216.97758072,0.0289385474606,-0.250353227847,-18.5125165136,1920,1020,3404,1711
P,1787,0,1,green,669,1543,1028,1696,773,540
P,1787,1,2,green,586,1285,885,1399,632,458
P,1787,2,3,green,337,613,586,739,,
P,1787,3,4,green,438,656,742,771,324,372
P,1787,4,5,green,442,953,760,1085,472,387
P,1787,5,6,white,123.832,3775.26,351.786,3872.09,,
P,1787,6,7,white,504,54,756,149,43,369
P,1787,7,8,white,377.847,1643.32,601.804,1761.75,,
P,1787,8,9,white,248.197,1374.64,466.982,1468.74,684,245
P,1787,9,10,white,341,1645,593,1747,828,318
P,1787,10,0,referee,,,,,,
M,1787,-0.17125992663,-8.34308529184,3801.67064935,-0.00493761870757,-0.801151130871,361.498474698,-0.000197494712254,-0.00220963902248,1,0.183681066349,5.13184431973,-2554.79239767,6.55416029639,-57.2613113064,-4216.97758072,0.0289385474606,-0.250353227847,-18.5125165136,1920,1020,3404,1711
P,1787,0,1,green,669,1543,1028,1696,773,540
P,1787,1,2,green,586,1285,885,1399,632,458
P,1787,2,3,green,337,613,586,739,,
P,1787,3,4,green,438,656,742,771,324,372
P,1787,4,5,green,442,953,760,1085,472,387
P,1787,5,6,white,123.832,3775.26,351.786,3872.09,,
P,1787,6,7,white,504,54,756,149,43,369
P,1787,7,8,white,377.847,1643.32,601.804,1761.75,,
P,1787,8,9,white,248.197,1374.64,466.982,1468.74,684,245
P,1787,9,10,white,341,1645,593,1747,828,318
P,1787,10,0,referee,,,,,,
M,1787,-0.17125992663,-8.34308529184,3801.67064935,-0.00493761870757,-0.801151130871,361.498474698,-0.000197494712254,-0.00220963902248,1,0.183681066349,5.13184431973,-2554.79239767,6.55416029639,-57.2613113064,-4216.97758072,0.0289385474606,-0.250353227847,-18.5125165136,1920,1020,3404,1711
P,1787,0,1,green,669,1543,1028,1696,773,540
P,1787,1,2,green,586,1285,885,1399,632,458
P,1787,2,3,green,337,613,586,739,,
P,1787,3,4,green,438,656,742,771,324,372
P,1787,4,5,green,442,953,760,1085,472,387
P,1787,5,6,white,123.832,3775.26,351.786,3872.09,,
P,1787,6,7,white,504,54,756,149,43,369
P,1787,7,8,white,377.847,1643.32,601.804,1761.75,,
P,1787,8,9,white,248.197,1374.64,466.982,1468.74,684,245
P,1787,9,10,white,341,1645,593,1747,828,318
P,1787,10,0,referee,,,,,,
