B,1053,0,1,green,641,532,903,670,,
B,1053,1,2,green,500,1215,795,1368,,
B,1053,2,3,green,382,538,609,703,,
B,1053,3,4,green,457,777,687,999,,
B,1053,4,5,green,305,1399,552,1510,,
B,1053,5,6,white,237.826,865.311,468.281,991.062,,
B,1053,6,7,white,148,1353,367,1443,,
B,1053,7,8,white,152.538,984.291,416.036,1110.86,,
B,1053,8,9,white,187,1206,392,1317,,
B,1053,9,10,white,331,112,576,243,,
B,1053,10,0,referee,195,1441,357,1555,,
B,1053,0,1,green,641,532,903,670,,
B,1053,1,2,green,500,1215,795,1368,,
B,1053,2,3,green,382,538,609,703,,
B,1053,3,4,green,457,777,687,999,,
B,1053,4,5,green,305,1399,552,1510,,
B,1053,5,6,white,237.826,865.311,468.281,991.062,,
B,1053,6,7,white,148,1353,367,1443,,
B,1053,7,8,white,152.538,984.291,416.036,1110.86,,
B,1053,8,9,white,187,1206,392,1317,,
B,1053,9,10,white,331,112,576,243,,
B,1053,10,0,referee,195,1441,357,1555,,
B,1053,0,1,green,641,532,903,670,,
B,1053,1,2,green,500,1215,795,1368,,
B,1053,2,3,green,382,538,609,703,,
B,1053,3,4,green,457,777,687,999,,
B,1053,4,5,green,305,1399,552,1510,,
B,1053,5,6,white,237.826,865.311,468.281,991.062,,
B,1053,6,7,white,148,1353,367,1443,,
B,1053,7,8,white,152.538,984.291,416.036,1110.86,,
B,1053,8,9,white,187,1206,392,1317,,
B,1053,9,10,white,331,112,576,243,,
B,1053,10,0,referee,195,1441,357,1555,,
B,1053,0,1,green,641,532,903,670,,
B,1053,1,2,green,500,1215,795,1368,,
B,1053,2,3,green,382,538,609,703,,
B,1053,3,4,green,457,777,687,999,,
B,1053,4,5,green,305,1399,552,1510,,
B,1053,5,6,white,237.826,865.311,468.281,991.062,,
B,1053,6,7,white,148,1353,367,1443,,
B,1053,7,8,white,152.538,984.291,416.036,1110.86,,
B,1053,8,9,white,187,1206,392,1317,,
B,1053,9,10,white,331,112,576,243,,
B,1053,10,0,referee,195,1441,357,1555,,
M,1053,1.43575458379,0.331553637733,-1053.10833268,-0.146070871972,-1.10297482976,451.630239513,-0.000147377908469,-0.00284483164384,1,3.71295154102,53.9080643703,-20434.6885641,1.45031600804,23.5445004324,-9127.18564888,0.0114475001327,0.183017574711,-69.6008133238,1920,1020,3404,1711
P,1053,0,1,green,645,530,903,668,215,431
P,1053,1,2,green,495,1215,800,1365,592,377
P,1053,2,3,green,384,463,654,684,223,296
P,1053,3,4,green,464,809,670,1014,397,305
P,1053,4,5,green,302,1399,555,1507,695,242
P,1053,5,6,white,233.189,845.042,463.644,970.794,,
P,1053,6,7,white,144,1359,363,1446,,
P,1053,7,8,white,151,991,460,1099,482,192
P,1053,8,9,white,187,1230,395,1329,610,157
P,1053,9,10,white,330,90,587,221,20,261
P,1053,10,0,referee,196,1443,358,1566,733,136
M,1053,1.43575458379,0.331553637733,-1053.10833268,-0.146070871972,-1.10297482976,451.630239513,-0.000147377908469,-0.00284483164384,1,3.71295154102,53.9080643703,-20434.6885641,1.45031600804,23.5445004324,-9127.18564888,0.0114475001327,0.183017574711,-69.6008133238,1920,1020,3404,1711
P,1053,0,1,green,645,530,903,668,215,431
P,1053,1,2,green,495,1215,800,1365,592,377
P,1053,2,3,green,384,463,654,684,223,296
P,1053,3,4,green,464,809,670,1014,397,305
P,1053,4,5,green,302,1399,555,1507,695,242
P,1053,5,6,white,233.189,845.042,463.644,970.794,,
P,1053,6,7,white,144,1359,363,1446,,
P,1053,7,8,white,151,991,460,1099,482,192
P,1053,8,9,white,187,1230,395,1329,610,157
P,1053,9,10,white,330,90,587,221,20,261
P,1053,10,0,referee,196,1443,358,1566,733,136
M,1053,1.43575458379,0.331553637733,-1053.10833268,-0.146070871972,-1.10297482976,451.630239513,-0.000147377908469,-0.00284483164384,1,3.71295154102,53.9080643703,-20434.6885641,1.45031600804,23.5445004324,-9127.18564888,0.0114475001327,0.183017574711,-69.6008133238,1920,1020,3404,1711
P,1053,0,1,green,645,530,903,668,215,431
P,1053,1,2,green,495,1215,800,1365,592,377
P,1053,2,3,green,384,463,654,684,223,296
P,1053,3,4,green,464,809,670,1014,397,305
P,1053,4,5,green,302,1399,555,1507,695,242
P,1053,5,6,white,233.189,845.042,463.644,970.794,,
P,1053,6,7,white,144,1359,363,1446,,
P,1053,7,8,white,151,991,460,1099,482,192
P,1053,8,9,white,187,1230,395,1329,610,157
P,1053,9,10,white,330,90,587,221,20,261
P,1053,10,0,referee,196,1443,358,1566,733,136
M,1053,1.43575458379,0.331553637733,-1053.10833268,-0.146070871972,-1.10297482976,451.630239513,-0.000147377908469,-0.00284483164384,1,3.71295154102,53.9080643703,-20434.6885641,1.45031600804,23.5445004324,-9127.18564888,0.0114475001327,0.183017574711,-69.6008133238,1920,1020,3404,1711
P,1053,0,1,green,645,530,903,668,215,431
P,1053,1,2,green,495,1215,800,1365,592,377
P,1053,2,3,green,384,463,654,684,223,296
P,1053,3,4,green,464,809,670,1014,397,305
P,1053,4,5,green,302,1399,555,1507,695,242
P,1053,5,6,white,233.189,845.042,463.644,970.794,,
P,1053,6,7,white,144,1359,363,1446,,
P,1053,7,8,white,151,991,460,1099,482,192
P,1053,8,9,white,187,1230,395,1329,610,157
P,1053,9,10,white,330,90,587,221,20,261
P,1053,10,0,referee,196,1443,358,1566,733,136
B,1056,0,1,green,645,530,903,668,,
B,1056,1,2,green,495,1215,800,1365,,
B,1056,2,3,green,384,463,654,684,,
B,1056,3,4,green,464,809,670,1014,,
B,1056,4,5,green,302,1399,555,1507,,
B,1056,5,6,white,233.189,845.042,463.644,970.794,,
B,1056,6,7,white,144,1359,363,1446,,
B,1056,7,8,white,151,991,460,1099,,
B,1056,8,9,white,187,1230,395,1329,,
B,1056,9,10,white,330,90,587,221,,
B,1056,10,0,referee,196,1443,358,1566,,
B,1056,0,1,green,645,530,903,668,,
B,1056,1,2,green,495,1215,800,1365,,
B,1056,2,3,green,384,463,654,684,,
B,1056,3,4,green,464,809,670,1014,,
B,1056,4,5,green,302,1399,555,1507,,
B,1056,5,6,white,233.189,845.042,463.644,970.794,,
B,1056,6,7,white,144,1359,363,1446,,
B,1056,7,8,white,151,991,460,1099,,
B,1056,8,9,white,187,1230,395,1329,,
B,1056,9,10,white,330,90,587,221,,
B,1056,10,0,referee,196,1443,358,1566,,
B,1056,0,1,green,645,530,903,668,,
B,1056,1,2,green,495,1215,800,1365,,
B,1056,2,3,green,384,463,654,684,,
B,1056,3,4,green,464,809,670,1014,,
B,1056,4,5,green,302,1399,555,1507,,
B,1056,5,6,white,233.189,845.042,463.644,970.794,,
B,1056,6,7,white,144,1359,363,1446,,
B,1056,7,8,white,151,991,460,1099,,
B,1056,8,9,white,187,1230,395,1329,,
B,1056,9,10,white,330,90,587,221,,
B,1056,10,0,referee,196,1443,358,1566,,
B,1056,0,1,green,645,530,903,668,,
B,1056,1,2,green,495,1215,800,1365,,
B,1056,2,3,green,384,463,654,684,,
B,1056,3,4,green,464,809,670,1014,,
B,1056,4,5,green,302,1399,555,1507,,
B,1056,5,6,white,233.189,845.042,463.644,970.794,,
B,1056,6,7,white,144,1359,363,1446,,
B,1056,7,8,white,151,991,460,1099,,
B,1056,8,9,white,187,1230,395,1329,,
B,1056,9,10,white,330,90,587,221,,
B,1056,10,0,referee,196,1443,358,1566,,
M,1056,1.43575458379,0.331553637733,-1053.10833268,-0.146070871972,-1.10297482976,451.630239513,-0.000147377908469,-0.00284483164384,1,3.71295154102,53.9080643703,-20434.6885641,1.45031600804,23.5445004324,-9127.18564888,0.0114475001327,0.183017574711,-69.6008133238,1920,1020,3404,1711
P,1056,0,1,green,648,531,903,672,,
P,1056,1,2,green,498,1222,805,1366,594,380
P,1056,2,3,green,459,444,670,637,205,304
P,1056,3,4,green,466,844,687,1027,408,314
P,1056,4,5,green,308,1413,558,1521,703,243
P,1056,5,6,white,228.552,824.773,459.007,950.525,,
P,1056,6,7,white,136,1344,364,1451,,
P,1056,7,8,white,155,980,368,1077,480,144
P,1056,8,9,white,178,1254,409,1353,622,164
P,1056,9,10,white,336,82,598,209,14,267
P,1056,10,0,referee,192,1447,352,1576,738,132
M,1056,1.43575458379,0.331553637733,-1053.10833268,-0.146070871972,-1.10297482976,451.630239513,-0.000147377908469,-0.00284483164384,1,3.71295154102,53.9080643703,-20434.6885641,1.45031600804,23.5445004324,-9127.18564888,0.0114475001327,0.183017574711,-69.6008133238,1920,1020,3404,1711
P,1056,0,1,green,648,531,903,672,,
P,1056,1,2,green,498,1222,805,1366,594,380
P,1056,2,3,green,459,444,670,637,205,304
P,1056,3,4,green,466,844,687,1027,408,314
P,1056,4,5,green,308,1413,558,1521,703,243
P,1056,5,6,white,228.552,824.773,459.007,950.525,,
P,1056,6,7,white,136,1344,364,1451,,
P,1056,7,8,white,155,980,368,1077,480,144
P,1056,8,9,white,178,1254,409,1353,622,164
P,1056,9,10,white,336,82,598,209,14,267
P,1056,10,0,referee,192,1447,352,1576,738,132
M,1056,1.43575458379,0.331553637733,-1053.10833268,-0.146070871972,-1.10297482976,451.630239513,-0.000147377908469,-0.00284483164384,1,3.71295154102,53.9080643703,-20434.6885641,1.45031600804,23.5445004324,-9127.18564888,0.0114475001327,0.183017574711,-69.6008133238,1920,1020,3404,1711
P,1056,0,1,green,648,531,903,672,,
P,1056,1,2,green,498,1222,805,1366,594,380
P,1056,2,3,green,459,444,670,637,205,304
P,1056,3,4,green,466,844,687,1027,408,314
P,1056,4,5,green,308,1413,558,1521,703,243
P,1056,5,6,white,228.552,824.773,459.007,950.525,,
P,1056,6,7,white,136,1344,364,1451,,
P,1056,7,8,white,155,980,368,1077,480,144
P,1056,8,9,white,178,1254,409,1353,622,164
P,1056,9,10,white,336,82,598,209,14,267
P,1056,10,0,referee,192,1447,352,1576,738,132
M,1056,1.43575458379,0.331553637733,-1053.10833268,-0.146070871972,-1.10297482976,451.630239513,-0.000147377908469,-0.00284483164384,1,3.71295154102,53.9080643703,-20434.6885641,1.45031600804,23.5445004324,-9127.18564888,0.0114475001327,0.183017574711,-69.6008133238,1920,1020,3404,1711
P,1056,0,1,green,648,531,903,672,,
P,1056,1,2,green,498,1222,805,1366,594,380
P,1056,2,3,green,459,444,670,637,205,304
P,1056,3,4,green,466,844,687,1027,408,314
P,1056,4,5,green,308,1413,558,1521,703,243
P,1056,5,6,white,228.552,824.773,459.007,950.525,,
P,1056,6,7,white,136,1344,364,1451,,
P,1056,7,8,white,155,980,368,1077,480,144
P,1056,8,9,white,178,1254,409,1353,622,164
P,1056,9,10,white,336,82,598,209,14,267
P,1056,10,0,referee,192,1447,352,1576,738,132
B,1077,0,1,green,646,555,903,696,,
B,1077,1,2,green,468,1286,790,1419,,
B,1077,2,3,green,396,490,687,686,,
B,1077,3,4,green,496,855,718,1078,,
B,1077,4,5,green,419,1118,678,1265,,
B,1077,5,6,white,218,798,439,942,,
B,1077,6,7,white,123.858,1359.67,350.675,1450.84,,
B,1077,7,8,white,123,928,355,1051,,
B,1077,8,9,white,209.226,1270.78,474.167,1394.26,,
B,1077,9,10,white,378.325,-12.4051,633.047,116.011,,
B,1077,10,0,referee,184,1485,352,1620,,
B,1077,0,1,green,646,555,903,696,,
B,1077,1,2,green,468,1286,790,1419,,
B,1077,2,3,green,396,490,687,686,,
B,1077,3,4,green,496,855,718,1078,,
B,1077,4,5,green,419,1118,678,1265,,
B,1077,5,6,white,218,798,439,942,,
B,1077,6,7,white,123.858,1359.67,350.675,1450.84,,
B,1077,7,8,white,123,928,355,1051,,
B,1077,8,9,white,209.226,1270.78,474.167,1394.26,,
B,1077,9,10,white,378.325,-12.4051,633.047,116.011,,
B,1077,10,0,referee,184,1485,352,1620,,
B,1077,0,1,green,646,555,903,696,,
B,1077,1,2,green,468,1286,790,1419,,
B,1077,2,3,green,396,490,687,686,,
B,1077,3,4,green,496,855,718,1078,,
B,1077,4,5,green,419,1118,678,1265,,
B,1077,5,6,white,218,798,439,942,,
B,1077,6,7,white,123.858,1359.67,350.675,1450.84,,
B,1077,7,8,white,123,928,355,1051,,
B,1077,8,9,white,209.226,1270.78,474.167,1394.26,,
B,1077,9,10,white,378.325,-12.4051,633.047,116.011,,
B,1077,10,0,referee,184,1485,352,1620,,
B,1077,0,1,green,646,555,903,696,,
B,1077,1,2,green,468,1286,790,1419,,
B,1077,2,3,green,396,490,687,686,,
B,1077,3,4,green,496,855,718,1078,,
B,1077,4,5,green,419,1118,678,1265,,
B,1077,5,6,white,218,798,439,942,,
B,1077,6,7,white,123.858,1359.67,350.675,1450.84,,
B,1077,7,8,white,123,928,355,1051,,
B,1077,8,9,white,209.226,1270.78,474.167,1394.26,,
B,1077,9,10,white,378.325,-12.4051,633.047,116.011,,
B,1077,10,0,referee,184,1485,352,1620,,
M,1077,1.43575458379,0.331553637733,-1053.10833268,-0.146070871972,-1.10297482976,451.630239513,-0.000147377908469,-0.00284483164384,1,3.71295154102,53.9080643703,-20434.6885641,1.45031600804,23.5445004324,-9127.18564888,0.0114475001327,0.183017574711,-69.6008133238,1920,1020,3404,1711
P,1077,0,1,green,646,553,903,697,,
P,1077,1,2,green,457,1293,784,1434,,
P,1077,2,3,green,394,508,676,730,245,308
P,1077,3,4,green,484,816,720,1062,408,332
P,1077,4,5,green,412,1124,679,1266,548,310
P,1077,5,6,white,216,796,440,931,,
P,1077,6,7,white,121.843,1360.43,348.66,1451.6,,
P,1077,7,8,white,104,920,349,1028,453,135
P,1077,8,9,white,209,1365,438,1467,682,179
P,1077,9,10,white,385.088,-30.9794,639.811,97.4362,4,271
P,1077,10,0,referee,185,1488,348,1623,762,130
M,1077,1.43575458379,0.331553637733,-1053.10833268,-0.146070871972,-1.10297482976,451.630239513,-0.000147377908469,-0.00284483164384,1,3.71295154102,53.9080643703,-20434.6885641,1.45031600804,23.5445004324,-9127.18564888,0.0114475001327,0.183017574711,-69.6008133238,1920,1020,3404,1711
P,1077,0,1,green,646,553,903,697,,
P,1077,1,2,green,457,1293,784,1434,,
P,1077,2,3,green,394,508,676,730,245,308
P,1077,3,4,green,484,816,720,1062,408,332
P,1077,4,5,green,412,1124,679,1266,548,310
P,1077,5,6,white,216,796,440,931,,
P,1077,6,7,white,121.843,1360.43,348.66,1451.6,,
P,1077,7,8,white,104,920,349,1028,453,135
P,1077,8,9,white,209,1365,438,1467,682,179
P,1077,9,10,white,385.088,-30.9794,639.811,97.4362,4,271
P,1077,10,0,referee,185,1488,348,1623,762,130
M,1077,1.43575458379,0.331553637733,-1053.10833268,-0.146070871972,-1.10297482976,451.630239513,-0.000147377908469,-0.00284483164384,1,3.71295154102,53.9080643703,-20434.6885641,1.45031600804,23.5445004324,-9127.18564888,0.0114475001327,0.183017574711,-69.6008133238,1920,1020,3404,1711
P,1077,0,1,green,646,553,903,697,,
P,1077,1,2,green,457,1293,784,1434,,
P,1077,2,3,green,394,508,676,730,245,308
P,1077,3,4,green,484,816,720,1062,408,332
P,1077,4,5,green,412,1124,679,1266,548,310
P,1077,5,6,white,216,796,440,931,,
P,1077,6,7,white,121.843,1360.43,348.66,1451.6,,
P,1077,7,8,white,104,920,349,1028,453,135
P,1077,8,9,white,209,1365,438,1467,682,179
P,1077,9,10,white,385.088,-30.9794,639.811,97.4362,4,271
P,1077,10,0,referee,185,1488,348,1623,762,130
M,1077,1.43575458379,0.331553637733,-1053.10833268,-0.146070871972,-1.10297482976,451.630239513,-0.000147377908469,-0.00284483164384,1,3.71295154102,53.9080643703,-20434.6885641,1.45031600804,23.5445004324,-9127.18564888,0.0114475001327,0.183017574711,-69.6008133238,1920,1020,3404,1711
P,1077,0,1,green,646,553,903,697,,
P,1077,1,2,green,457,1293,784,1434,,
P,1077,2,3,green,394,508,676,730,245,308
P,1077,3,4,green,484,816,720,1062,408,332
P,1077,4,5,green,412,1124,679,1266,548,310
P,1077,5,6,white,216,796,440,931,,
P,1077,6,7,white,121.843,1360.43,348.66,1451.6,,
P,1077,7,8,white,104,920,349,1028,453,135
P,1077,8,9,white,209,1365,438,1467,682,179
P,1077,9,10,white,385.088,-30.9794,639.811,97.4362,4,271
P,1077,10,0,referee,185,1488,348,1623,762,130
B,1080,0,1,green,646,553,903,697,,
B,1080,1,2,green,457,1293,784,1434,,
B,1080,2,3,green,394,508,676,730,,
B,1080,3,4,green,484,816,720,1062,,
B,1080,4,5,green,412,1124,679,1266,,
B,1080,5,6,white,216,796,440,931,,
B,1080,6,7,white,121.843,1360.43,348.66,1451.6,,
B,1080,7,8,white,104,920,349,1028,,
B,1080,8,9,white,209,1365,438,1467,,
B,1080,9,10,white,385.088,-30.9794,639.811,97.4362,,
B,1080,10,0,referee,185,1488,348,1623,,
B,1080,0,1,green,646,553,903,697,,
B,1080,1,2,green,457,1293,784,1434,,
B,1080,2,3,green,394,508,676,730,,
B,1080,3,4,green,484,816,720,1062,,
B,1080,4,5,green,412,1124,679,1266,,
B,1080,5,6,white,216,796,440,931,,
B,1080,6,7,white,121.843,1360.43,348.66,1451.6,,
B,1080,7,8,white,104,920,349,1028,,
B,1080,8,9,white,209,1365,438,1467,,
B,1080,9,10,white,385.088,-30.9794,639.811,97.4362,,
B,1080,10,0,referee,185,1488,348,1623,,
B,1080,0,1,green,646,553,903,697,,
B,1080,1,2,green,457,1293,784,1434,,
B,1080,2,3,green,394,508,676,730,,
B,1080,3,4,green,484,816,720,1062,,
B,1080,4,5,green,412,1124,679,1266,,
B,1080,5,6,white,216,796,440,931,,
B,1080,6,7,white,121.843,1360.43,348.66,1451.6,,
B,1080,7,8,white,104,920,349,1028,,
B,1080,8,9,white,209,1365,438,1467,,
B,1080,9,10,white,385.088,-30.9794,639.811,97.4362,,
B,1080,10,0,referee,185,1488,348,1623,,
B,1080,0,1,green,646,553,903,697,,
B,1080,1,2,green,457,1293,784,1434,,
B,1080,2,3,green,394,508,676,730,,
B,1080,3,4,green,484,816,720,1062,,
B,1080,4,5,green,412,1124,679,1266,,
B,1080,5,6,white,216,796,440,931,,
B,1080,6,7,white,121.843,1360.43,348.66,1451.6,,
B,1080,7,8,white,104,920,349,1028,,
B,1080,8,9,white,209,1365,438,1467,,
B,1080,9,10,white,385.088,-30.9794,639.811,97.4362,,
B,1080,10,0,referee,185,1488,348,1623,,
M,1080,1.43575458379,0.331553637733,-1053.10833268,-0.146070871972,-1.10297482976,451.630239513,-0.000147377908469,-0.00284483164384,1,3.71295154102,53.9080643703,-20434.6885641,1.45031600804,23.5445004324,-9127.18564888,0.0114475001327,0.183017574711,-69.6008133238,1920,1020,3404,1711
P,1080,0,1,green,648,552,903,696,,
P,1080,1,2,green,459,1317,776,1446,,
P,1080,2,3,green,389,518,678,743,250,309
P,1080,3,4,green,479,801,717,996,387,330
P,1080,4,5,green,430,1140,687,1275,554,314
P,1080,5,6,white,210,795,439,936,,
P,1080,6,7,white,119.828,1361.19,346.646,1452.36,,
P,1080,7,8,white,93,915,344,1011,448,132
P,1080,8,9,white,210,1369,452,1482,686,186
P,1080,9,10,white,391.852,-49.5538,646.574,78.8618,,
P,1080,10,0,referee,185,1485,349,1623,761,131
M,1080,1.43575458379,0.331553637733,-1053.10833268,-0.146070871972,-1.10297482976,451.630239513,-0.000147377908469,-0.00284483164384,1,3.71295154102,53.9080643703,-20434.6885641,1.45031600804,23.5445004324,-9127.18564888,0.0114475001327,0.183017574711,-69.6008133238,1920,1020,3404,1711
P,1080,0,1,green,648,552,903,696,,
P,1080,1,2,green,459,1317,776,1446,,
P,1080,2,3,green,389,518,678,743,250,309
P,1080,3,4,green,479,801,717,996,387,330
P,1080,4,5,green,430,1140,687,1275,554,314
P,1080,5,6,white,210,795,439,936,,
P,1080,6,7,white,119.828,1361.19,346.646,1452.36,,
P,1080,7,8,white,93,915,344,1011,448,132
P,1080,8,9,white,210,1369,452,1482,686,186
P,1080,9,10,white,391.852,-49.5538,646.574,78.8618,,
P,1080,10,0,referee,185,1485,349,1623,761,131
M,1080,1.43575458379,0.331553637733,-1053.10833268,-0.146070871972,-1.10297482976,451.630239513,-0.000147377908469,-0.00284483164384,1,3.71295154102,53.9080643703,-20434.6885641,1.45031600804,23.5445004324,-9127.18564888,0.0114475001327,0.183017574711,-69.6008133238,1920,1020,3404,1711
P,1080,0,1,green,648,552,903,696,,
P,1080,1,2,green,459,1317,776,1446,,
P,1080,2,3,green,389,518,678,743,250,309
P,1080,3,4,green,479,801,717,996,387,330
P,1080,4,5,green,430,1140,687,1275,554,314
P,1080,5,6,white,210,795,439,936,,
P,1080,6,7,white,119.828,1361.19,346.646,1452.36,,
P,1080,7,8,white,93,915,344,1011,448,132
P,1080,8,9,white,210,1369,452,1482,686,186
P,1080,9,10,white,391.852,-49.5538,646.574,78.8618,,
P,1080,10,0,referee,185,1485,349,1623,761,131
M,1080,1.43575458379,0.331553637733,-1053.10833268,-0.146070871972,-1.10297482976,451.630239513,-0.000147377908469,-0.00284483164384,1,3.71295154102,53.9080643703,-20434.6885641,1.45031600804,23.5445004324,-9127.18564888,0.0114475001327,0.183017574711,-69.6008133238,1920,1020,3404,1711
P,1080,0,1,green,648,552,903,696,,
P,1080,1,2,green,459,1317,776,1446,,
P,1080,2,3,green,389,518,678,743,250,309
P,1080,3,4,green,479,801,717,996,387,330
P,1080,4,5,green,430,1140,687,1275,554,314
P,1080,5,6,white,210,795,439,936,,
P,1080,6,7,white,119.828,1361.19,346.646,1452.36,,
P,1080,7,8,white,93,915,344,1011,448,132
P,1080,8,9,white,210,1369,452,1482,686,186
P,1080,9,10,white,391.852,-49.5538,646.574,78.8618,,
P,1080,10,0,referee,185,1485,349,1623,761,131
