# PBP missing for video game IDs
# Generated: 2026-04-15  Total: 76
0022500033
0022500034
0022500035
0022500036
0022500037
0022500038
0022500039
0022500040
0022500041
0022500042
0022500043
0022500044
0022500045
0022500046
0022500047
0022500048
0022500049
0022500053
0022500054
0022500055
0022500060
0022500061
0022500062
0022500063
0022500064
0022500065
0022500066
0022500067
0022500068
0022500081
0022500104
0022500574
0022500575
0022500576
0022500577
0022500581
0022500582
0022500583
0022500584
0022500585
0022500586
0022500591
0022500592
0022500593
0022500594
0022500601
0022500609
0022500621
0022500622
0022500623
0022500624
0022500629
0022500630
0022500634
0022500809
0022500876
0022500906
0022501076
0022501077
0022501078
0022501079
0022501080
0022501082
0022501083
0022501084
0022501085
0022501086
0022501087
0022501088
0022501089
0022501090
0022501091
0022501094
0022501095
0022501096
0022501097
